l=[16,8,8,4,4, 2,2,1,1, 3];
w=[ 8,8,4,4,2,2,1,1,1,5];
W=16;
L=16;